dataF = [...
   3.4643e-06  6.8059e+00  8.5534e+00  -1.9916e+01  -1.0337e+01  1.4104e-05  9.2236e-01  ;...
   6.9722e-06  6.8059e+00  8.5534e+00  -1.9916e+01  -1.0337e+01  2.1024e-05  9.2235e-01  ;...
   1.0524e-05  6.8059e+00  8.5534e+00  -1.9916e+01  -1.0337e+01  3.2499e-05  9.2236e-01  ;...
   1.4121e-05  6.8059e+00  8.5534e+00  -1.9916e+01  -1.0337e+01  4.1522e-05  9.2235e-01  ;...
   1.7763e-05  6.8059e+00  8.5534e+00  -1.9916e+01  -1.0337e+01  5.5014e-05  9.2236e-01  ;...
   2.1451e-05  6.8059e+00  8.5534e+00  -1.9916e+01  -1.0337e+01  6.6056e-05  9.2236e-01  ;...
   2.5185e-05  6.8059e+00  8.5534e+00  -1.9916e+01  -1.0337e+01  7.5663e-05  9.2236e-01  ;...
   2.8966e-05  6.8059e+00  8.5534e+00  -1.9916e+01  -1.0337e+01  8.7715e-05  9.2236e-01  ;...
   3.2795e-05  6.8059e+00  8.5534e+00  -1.9916e+01  -1.0337e+01  9.9823e-05  9.2236e-01  ;...
   3.6671e-05  6.8059e+00  8.5534e+00  -1.9916e+01  -1.0337e+01  1.1192e-04  9.2236e-01  ;...
   4.0597e-05  6.8059e+00  8.5534e+00  -1.9916e+01  -1.0337e+01  1.2397e-04  9.2236e-01  ;...
   4.4572e-05  6.8059e+00  8.5534e+00  -1.9916e+01  -1.0337e+01  1.3593e-04  9.2236e-01  ;...
   4.8597e-05  6.8059e+00  8.5534e+00  -1.9916e+01  -1.0337e+01  1.4780e-04  9.2236e-01  ;...
   5.2672e-05  6.8059e+00  8.5534e+00  -1.9916e+01  -1.0337e+01  1.6048e-04  9.2236e-01  ;...
   5.6799e-05  6.8059e+00  8.5534e+00  -1.9916e+01  -1.0337e+01  1.7291e-04  9.2236e-01  ;...
   6.0978e-05  6.8059e+00  8.5534e+00  -1.9916e+01  -1.0337e+01  1.8509e-04  9.2236e-01  ;...
   6.5209e-05  6.8059e+00  8.5534e+00  -1.9916e+01  -1.0337e+01  1.9856e-04  9.2236e-01  ;...
   6.9494e-05  6.8059e+00  8.5534e+00  -1.9916e+01  -1.0337e+01  2.1163e-04  9.2236e-01  ;...
   7.3832e-05  6.8059e+00  8.5534e+00  -1.9916e+01  -1.0337e+01  2.2434e-04  9.2236e-01  ;...
   7.8225e-05  6.8059e+00  8.5534e+00  -1.9916e+01  -1.0337e+01  2.3798e-04  9.2236e-01  ;...
   8.2674e-05  6.8059e+00  8.5534e+00  -1.9916e+01  -1.0337e+01  2.5118e-04  9.2236e-01  ;...
   8.7178e-05  6.8059e+00  8.5534e+00  -1.9916e+01  -1.0337e+01  2.6510e-04  9.2236e-01  ;...
   9.1739e-05  6.8059e+00  8.5534e+00  -1.9916e+01  -1.0337e+01  2.7908e-04  9.2236e-01  ;...
   9.6357e-05  6.8059e+00  8.5534e+00  -1.9916e+01  -1.0337e+01  2.9309e-04  9.2236e-01  ;...
   1.0103e-04  6.8059e+00  8.5534e+00  -1.9916e+01  -1.0337e+01  3.0709e-04  9.2236e-01  ;...
   1.0577e-04  6.8059e+00  8.5534e+00  -1.9916e+01  -1.0337e+01  3.2152e-04  9.2236e-01  ;...
   1.1056e-04  6.8059e+00  8.5534e+00  -1.9916e+01  -1.0337e+01  3.3630e-04  9.2236e-01  ;...
   1.1542e-04  6.8059e+00  8.5534e+00  -1.9916e+01  -1.0337e+01  3.5094e-04  9.2236e-01  ;...
   1.2033e-04  6.8059e+00  8.5534e+00  -1.9916e+01  -1.0337e+01  3.6584e-04  9.2236e-01  ;...
   1.2531e-04  6.8059e+00  8.5534e+00  -1.9916e+01  -1.0337e+01  3.8094e-04  9.2236e-01  ;...
   1.3035e-04  6.8059e+00  8.5534e+00  -1.9916e+01  -1.0337e+01  3.9620e-04  9.2236e-01  ;...
   1.3546e-04  6.8059e+00  8.5534e+00  -1.9916e+01  -1.0337e+01  4.1193e-04  9.2236e-01  ;...
   1.4062e-04  6.8059e+00  8.5534e+00  -1.9916e+01  -1.0337e+01  4.2771e-04  9.2236e-01  ;...
   1.4586e-04  6.8059e+00  8.5534e+00  -1.9916e+01  -1.0337e+01  4.4352e-04  9.2236e-01  ;...
   1.5116e-04  6.8059e+00  8.5534e+00  -1.9916e+01  -1.0337e+01  4.5965e-04  9.2236e-01  ;...
   1.5652e-04  6.8059e+00  8.5534e+00  -1.9916e+01  -1.0337e+01  4.7604e-04  9.2236e-01  ;...
   1.6196e-04  6.8059e+00  8.5534e+00  -1.9916e+01  -1.0337e+01  4.9236e-04  9.2236e-01  ;...
   1.6746e-04  6.8059e+00  8.5534e+00  -1.9916e+01  -1.0337e+01  5.0915e-04  9.2236e-01  ;...
   1.7303e-04  6.8059e+00  8.5534e+00  -1.9916e+01  -1.0337e+01  5.2608e-04  9.2236e-01  ;...
   1.7867e-04  6.8059e+00  8.5534e+00  -1.9916e+01  -1.0337e+01  5.4311e-04  9.2236e-01  ;...
   1.8438e-04  6.8059e+00  8.5534e+00  -1.9916e+01  -1.0337e+01  5.6073e-04  9.2236e-01  ;...
   1.9016e-04  6.8059e+00  8.5534e+00  -1.9916e+01  -1.0337e+01  5.7811e-04  9.2236e-01  ;...
   1.9602e-04  6.8059e+00  8.5534e+00  -1.9916e+01  -1.0337e+01  5.9598e-04  9.2236e-01  ;...
   2.0195e-04  6.8059e+00  8.5534e+00  -1.9916e+01  -1.0337e+01  6.1405e-04  9.2236e-01  ;...
   2.0795e-04  6.8059e+00  8.5534e+00  -1.9916e+01  -1.0337e+01  6.3227e-04  9.2236e-01  ;...
   2.1403e-04  6.8059e+00  8.5534e+00  -1.9916e+01  -1.0337e+01  6.5083e-04  9.2236e-01  ;...
   2.2019e-04  6.8059e+00  8.5534e+00  -1.9916e+01  -1.0337e+01  6.6947e-04  9.2236e-01  ;...
   2.2643e-04  6.8059e+00  8.5534e+00  -1.9916e+01  -1.0337e+01  6.8837e-04  9.2236e-01  ;...
   2.3274e-04  6.8059e+00  8.5534e+00  -1.9916e+01  -1.0337e+01  7.0770e-04  9.2236e-01  ;...
   2.3913e-04  6.8059e+00  8.5534e+00  -1.9916e+01  -1.0337e+01  7.2699e-04  9.2236e-01  ;...
   2.4560e-04  6.8059e+00  8.5534e+00  -1.9916e+01  -1.0337e+01  7.4682e-04  9.2236e-01  ;...
   2.5216e-04  6.8059e+00  8.5534e+00  -1.9916e+01  -1.0337e+01  7.6675e-04  9.2236e-01  ;...
   2.5879e-04  6.8059e+00  8.5534e+00  -1.9916e+01  -1.0337e+01  7.8693e-04  9.2236e-01  ;...
   2.6551e-04  6.8059e+00  8.5534e+00  -1.9916e+01  -1.0337e+01  8.0731e-04  9.2236e-01  ;...
   2.7232e-04  6.8059e+00  8.5534e+00  -1.9916e+01  -1.0337e+01  8.2805e-04  9.2236e-01  ;...
   2.7920e-04  6.8059e+00  8.5534e+00  -1.9916e+01  -1.0337e+01  8.4892e-04  9.2236e-01  ;...
   2.8618e-04  6.8059e+00  8.5534e+00  -1.9916e+01  -1.0337e+01  8.7005e-04  9.2236e-01  ;...
   2.9324e-04  6.8059e+00  8.5534e+00  -1.9916e+01  -1.0337e+01  8.9158e-04  9.2236e-01  ;...
   3.0040e-04  6.8059e+00  8.5534e+00  -1.9916e+01  -1.0337e+01  9.1329e-04  9.2236e-01  ;...
   3.0764e-04  6.8059e+00  8.5534e+00  -1.9916e+01  -1.0337e+01  9.3531e-04  9.2236e-01  ;...
   3.1497e-04  6.8059e+00  8.5534e+00  -1.9916e+01  -1.0337e+01  9.5774e-04  9.2236e-01  ;...
   3.2240e-04  6.8059e+00  8.5534e+00  -1.9916e+01  -1.0337e+01  9.8023e-04  9.2236e-01  ;...
   3.2992e-04  6.8059e+00  8.5534e+00  -1.9916e+01  -1.0337e+01  1.0031e-03  9.2236e-01  ;...
   3.3753e-04  6.8060e+00  8.5534e+00  -1.9916e+01  -1.0337e+01  1.0263e-03  9.2236e-01  ;...
   3.4524e-04  6.8060e+00  8.5534e+00  -1.9916e+01  -1.0337e+01  1.0497e-03  9.2236e-01  ;...
   3.5305e-04  6.8060e+00  8.5534e+00  -1.9916e+01  -1.0337e+01  1.0735e-03  9.2236e-01  ;...
   3.6096e-04  6.8060e+00  8.5534e+00  -1.9916e+01  -1.0337e+01  1.0975e-03  9.2236e-01  ;...
   3.6896e-04  6.8060e+00  8.5534e+00  -1.9916e+01  -1.0337e+01  1.1218e-03  9.2236e-01  ;...
   3.7707e-04  6.8060e+00  8.5534e+00  -1.9916e+01  -1.0337e+01  1.1465e-03  9.2236e-01  ;...
   3.8527e-04  6.8060e+00  8.5534e+00  -1.9916e+01  -1.0337e+01  1.1714e-03  9.2236e-01  ;...
   3.9358e-04  6.8060e+00  8.5534e+00  -1.9916e+01  -1.0337e+01  1.1967e-03  9.2236e-01  ;...
   4.0200e-04  6.8060e+00  8.5534e+00  -1.9916e+01  -1.0337e+01  1.2222e-03  9.2236e-01  ;...
   4.1052e-04  6.8060e+00  8.5534e+00  -1.9916e+01  -1.0337e+01  1.2482e-03  9.2236e-01  ;...
   4.1915e-04  6.8060e+00  8.5534e+00  -1.9916e+01  -1.0337e+01  1.2745e-03  9.2236e-01  ;...
   4.2788e-04  6.8060e+00  8.5534e+00  -1.9916e+01  -1.0337e+01  1.3010e-03  9.2236e-01  ;...
   4.3673e-04  6.8060e+00  8.5534e+00  -1.9916e+01  -1.0337e+01  1.3279e-03  9.2236e-01  ;...
   4.4569e-04  6.8060e+00  8.5534e+00  -1.9916e+01  -1.0337e+01  1.3551e-03  9.2236e-01  ;...
   4.5476e-04  6.8060e+00  8.5534e+00  -1.9916e+01  -1.0337e+01  1.3827e-03  9.2236e-01  ;...
   4.6394e-04  6.8060e+00  8.5534e+00  -1.9916e+01  -1.0337e+01  1.4106e-03  9.2236e-01  ;...
   4.7324e-04  6.8060e+00  8.5534e+00  -1.9916e+01  -1.0337e+01  1.4389e-03  9.2236e-01  ;...
   4.8266e-04  6.8060e+00  8.5534e+00  -1.9916e+01  -1.0337e+01  1.4675e-03  9.2236e-01  ;...
   4.9220e-04  6.8060e+00  8.5534e+00  -1.9916e+01  -1.0337e+01  1.4965e-03  9.2236e-01  ;...
   5.0185e-04  6.8060e+00  8.5534e+00  -1.9916e+01  -1.0337e+01  1.5259e-03  9.2236e-01  ;...
   5.1163e-04  6.8060e+00  8.5534e+00  -1.9916e+01  -1.0337e+01  1.5556e-03  9.2236e-01  ;...
