dataHe = [...
   1.5589e-05  1.9019e+01  3.1432e+00  -5.9033e+00  -8.4731e+00  6.2684e-06  1.5419e+00  ;...
   3.1375e-05  1.9019e+01  3.1432e+00  -5.9030e+00  -8.4731e+00  1.0901e-05  1.5419e+00  ;...
   4.7359e-05  1.9019e+01  3.1432e+00  -5.9028e+00  -8.4731e+00  1.5475e-05  1.5419e+00  ;...
   6.3544e-05  1.9019e+01  3.1432e+00  -5.9026e+00  -8.4731e+00  2.0761e-05  1.5419e+00  ;...
   7.9933e-05  1.9019e+01  3.1432e+00  -5.9024e+00  -8.4731e+00  2.5673e-05  1.5419e+00  ;...
   9.6528e-05  1.9019e+01  3.1432e+00  -5.9022e+00  -8.4731e+00  3.1383e-05  1.5419e+00  ;...
   1.1333e-04  1.9019e+01  3.1432e+00  -5.9020e+00  -8.4731e+00  3.6646e-05  1.5419e+00  ;...
   1.3035e-04  1.9019e+01  3.1432e+00  -5.9019e+00  -8.4731e+00  4.2358e-05  1.5419e+00  ;...
   1.4758e-04  1.9019e+01  3.1432e+00  -5.9017e+00  -8.4731e+00  4.8008e-05  1.5419e+00  ;...
   1.6502e-04  1.9019e+01  3.1432e+00  -5.9016e+00  -8.4731e+00  5.3591e-05  1.5419e+00  ;...
   1.8269e-04  1.9019e+01  3.1432e+00  -5.9014e+00  -8.4731e+00  5.9375e-05  1.5419e+00  ;...
   2.0057e-04  1.9019e+01  3.1432e+00  -5.9013e+00  -8.4731e+00  6.5042e-05  1.5419e+00  ;...
   2.1869e-04  1.9019e+01  3.1432e+00  -5.9011e+00  -8.4731e+00  7.1050e-05  1.5419e+00  ;...
   2.3703e-04  1.9019e+01  3.1432e+00  -5.9010e+00  -8.4731e+00  7.6890e-05  1.5419e+00  ;...
   2.5560e-04  1.9019e+01  3.1432e+00  -5.9009e+00  -8.4731e+00  8.2964e-05  1.5419e+00  ;...
   2.7440e-04  1.9019e+01  3.1432e+00  -5.9007e+00  -8.4731e+00  8.9031e-05  1.5419e+00  ;...
   2.9344e-04  1.9019e+01  3.1432e+00  -5.9006e+00  -8.4731e+00  9.5242e-05  1.5419e+00  ;...
   3.1272e-04  1.9019e+01  3.1432e+00  -5.9005e+00  -8.4731e+00  1.0156e-04  1.5419e+00  ;...
   3.3225e-04  1.9019e+01  3.1432e+00  -5.9003e+00  -8.4731e+00  1.0780e-04  1.5419e+00  ;...
   3.5201e-04  1.9019e+01  3.1432e+00  -5.9002e+00  -8.4731e+00  1.1423e-04  1.5419e+00  ;...
   3.7203e-04  1.9019e+01  3.1432e+00  -5.9001e+00  -8.4731e+00  1.2070e-04  1.5419e+00  ;...
   3.9230e-04  1.9019e+01  3.1432e+00  -5.8999e+00  -8.4731e+00  1.2729e-04  1.5419e+00  ;...
   4.1282e-04  1.9019e+01  3.1432e+00  -5.8998e+00  -8.4731e+00  1.3398e-04  1.5419e+00  ;...
   4.3361e-04  1.9019e+01  3.1432e+00  -5.8997e+00  -8.4731e+00  1.4074e-04  1.5419e+00  ;...
   4.5465e-04  1.9019e+01  3.1432e+00  -5.8996e+00  -8.4731e+00  1.4755e-04  1.5419e+00  ;...
   4.7596e-04  1.9019e+01  3.1432e+00  -5.8994e+00  -8.4731e+00  1.5450e-04  1.5419e+00  ;...
   4.9753e-04  1.9019e+01  3.1432e+00  -5.8993e+00  -8.4731e+00  1.6145e-04  1.5419e+00  ;...
   5.1938e-04  1.9019e+01  3.1432e+00  -5.8992e+00  -8.4731e+00  1.6858e-04  1.5419e+00  ;...
   5.4150e-04  1.9019e+01  3.1432e+00  -5.8991e+00  -8.4731e+00  1.7577e-04  1.5419e+00  ;...
   5.6391e-04  1.9019e+01  3.1432e+00  -5.8989e+00  -8.4731e+00  1.8300e-04  1.5419e+00  ;...
   5.8659e-04  1.9019e+01  3.1432e+00  -5.8988e+00  -8.4731e+00  1.9041e-04  1.5419e+00  ;...
   6.0956e-04  1.9019e+01  3.1432e+00  -5.8987e+00  -8.4731e+00  1.9783e-04  1.5419e+00  ;...
   6.3281e-04  1.9019e+01  3.1432e+00  -5.8986e+00  -8.4731e+00  2.0538e-04  1.5419e+00  ;...
   6.5636e-04  1.9019e+01  3.1432e+00  -5.8984e+00  -8.4731e+00  2.1305e-04  1.5419e+00  ;...
   6.8021e-04  1.9019e+01  3.1432e+00  -5.8983e+00  -8.4731e+00  2.2081e-04  1.5419e+00  ;...
   7.0435e-04  1.9019e+01  3.1432e+00  -5.8982e+00  -8.4731e+00  2.2864e-04  1.5419e+00  ;...
   7.2880e-04  1.9019e+01  3.1432e+00  -5.8981e+00  -8.4731e+00  2.3652e-04  1.5419e+00  ;...
   7.5356e-04  1.9019e+01  3.1432e+00  -5.8980e+00  -8.4731e+00  2.4457e-04  1.5419e+00  ;...
   7.7863e-04  1.9019e+01  3.1432e+00  -5.8978e+00  -8.4731e+00  2.5270e-04  1.5419e+00  ;...
   8.0401e-04  1.9019e+01  3.1432e+00  -5.8977e+00  -8.4731e+00  2.6095e-04  1.5419e+00  ;...
   8.2971e-04  1.9019e+01  3.1432e+00  -5.8976e+00  -8.4731e+00  2.6930e-04  1.5419e+00  ;...
   8.5574e-04  1.9019e+01  3.1432e+00  -5.8975e+00  -8.4731e+00  2.7778e-04  1.5419e+00  ;...
   8.8209e-04  1.9019e+01  3.1432e+00  -5.8974e+00  -8.4731e+00  2.8632e-04  1.5419e+00  ;...
   9.0878e-04  1.9019e+01  3.1432e+00  -5.8972e+00  -8.4731e+00  2.9495e-04  1.5419e+00  ;...
   9.3580e-04  1.9019e+01  3.1432e+00  -5.8971e+00  -8.4731e+00  3.0372e-04  1.5419e+00  ;...
   9.6316e-04  1.9019e+01  3.1432e+00  -5.8970e+00  -8.4731e+00  3.1259e-04  1.5419e+00  ;...
   9.9086e-04  1.9019e+01  3.1432e+00  -5.8969e+00  -8.4731e+00  3.2161e-04  1.5419e+00  ;...
   1.0189e-03  1.9019e+01  3.1432e+00  -5.8967e+00  -8.4731e+00  3.3073e-04  1.5419e+00  ;...
   1.0473e-03  1.9019e+01  3.1432e+00  -5.8966e+00  -8.4731e+00  3.3996e-04  1.5419e+00  ;...
   1.0761e-03  1.9019e+01  3.1432e+00  -5.8965e+00  -8.4731e+00  3.4926e-04  1.5419e+00  ;...
   1.1052e-03  1.9019e+01  3.1432e+00  -5.8964e+00  -8.4731e+00  3.5871e-04  1.5419e+00  ;...
   1.1347e-03  1.9019e+01  3.1432e+00  -5.8963e+00  -8.4731e+00  3.6829e-04  1.5419e+00  ;...
   1.1646e-03  1.9019e+01  3.1432e+00  -5.8961e+00  -8.4731e+00  3.7798e-04  1.5419e+00  ;...
   1.1948e-03  1.9019e+01  3.1432e+00  -5.8960e+00  -8.4731e+00  3.8780e-04  1.5419e+00  ;...
   1.2254e-03  1.9019e+01  3.1432e+00  -5.8959e+00  -8.4731e+00  3.9773e-04  1.5419e+00  ;...
   1.2564e-03  1.9019e+01  3.1432e+00  -5.8958e+00  -8.4731e+00  4.0782e-04  1.5419e+00  ;...
   1.2878e-03  1.9019e+01  3.1432e+00  -5.8956e+00  -8.4731e+00  4.1799e-04  1.5419e+00  ;...
   1.3196e-03  1.9019e+01  3.1432e+00  -5.8955e+00  -8.4731e+00  4.2832e-04  1.5419e+00  ;...
   1.3518e-03  1.9019e+01  3.1432e+00  -5.8954e+00  -8.4731e+00  4.3876e-04  1.5419e+00  ;...
   1.3844e-03  1.9019e+01  3.1432e+00  -5.8953e+00  -8.4731e+00  4.4933e-04  1.5419e+00  ;...
   1.4174e-03  1.9019e+01  3.1432e+00  -5.8951e+00  -8.4731e+00  4.6006e-04  1.5419e+00  ;...
   1.4508e-03  1.9019e+01  3.1432e+00  -5.8950e+00  -8.4731e+00  4.7089e-04  1.5419e+00  ;...
   1.4846e-03  1.9019e+01  3.1432e+00  -5.8949e+00  -8.4731e+00  4.8187e-04  1.5419e+00  ;...
   1.5189e-03  1.9019e+01  3.1432e+00  -5.8947e+00  -8.4731e+00  4.9301e-04  1.5419e+00  ;...
   1.5536e-03  1.9019e+01  3.1432e+00  -5.8946e+00  -8.4731e+00  5.0426e-04  1.5419e+00  ;...
   1.5887e-03  1.9019e+01  3.1432e+00  -5.8945e+00  -8.4731e+00  5.1566e-04  1.5419e+00  ;...
   1.6243e-03  1.9019e+01  3.1432e+00  -5.8944e+00  -8.4731e+00  5.2722e-04  1.5419e+00  ;...
   1.6603e-03  1.9019e+01  3.1432e+00  -5.8942e+00  -8.4731e+00  5.3892e-04  1.5419e+00  ;...
   1.6968e-03  1.9019e+01  3.1432e+00  -5.8941e+00  -8.4731e+00  5.5074e-04  1.5419e+00  ;...
   1.7337e-03  1.9019e+01  3.1432e+00  -5.8940e+00  -8.4731e+00  5.6274e-04  1.5419e+00  ;...
   1.7711e-03  1.9019e+01  3.1432e+00  -5.8938e+00  -8.4731e+00  5.7486e-04  1.5419e+00  ;...
   1.8090e-03  1.9019e+01  3.1432e+00  -5.8937e+00  -8.4731e+00  5.8716e-04  1.5419e+00  ;...
   1.8473e-03  1.9019e+01  3.1432e+00  -5.8936e+00  -8.4731e+00  5.9960e-04  1.5419e+00  ;...
   1.8862e-03  1.9019e+01  3.1431e+00  -5.8934e+00  -8.4731e+00  6.1220e-04  1.5419e+00  ;...
   1.9255e-03  1.9019e+01  3.1431e+00  -5.8933e+00  -8.4731e+00  6.2498e-04  1.5419e+00  ;...
   1.9653e-03  1.9019e+01  3.1431e+00  -5.8932e+00  -8.4731e+00  6.3787e-04  1.5419e+00  ;...
   2.0056e-03  1.9019e+01  3.1431e+00  -5.8930e+00  -8.4731e+00  6.5097e-04  1.5419e+00  ;...
   2.0464e-03  1.9019e+01  3.1431e+00  -5.8929e+00  -8.4731e+00  6.6421e-04  1.5419e+00  ;...
   2.0877e-03  1.9019e+01  3.1431e+00  -5.8928e+00  -8.4731e+00  6.7764e-04  1.5419e+00  ;...
   2.1296e-03  1.9019e+01  3.1431e+00  -5.8926e+00  -8.4731e+00  6.9122e-04  1.5419e+00  ;...
   2.1720e-03  1.9019e+01  3.1431e+00  -5.8925e+00  -8.4731e+00  7.0497e-04  1.5419e+00  ;...
   2.2149e-03  1.9019e+01  3.1431e+00  -5.8923e+00  -8.4731e+00  7.1889e-04  1.5419e+00  ;...
   2.2583e-03  1.9019e+01  3.1431e+00  -5.8922e+00  -8.4731e+00  7.3299e-04  1.5419e+00  ;...
   2.3023e-03  1.9019e+01  3.1431e+00  -5.8921e+00  -8.4731e+00  7.4727e-04  1.5419e+00  ;...
