dataLi = [...
   1.0393e-05  1.6970e-02  3.1117e-01  -1.8497e+00  4.3536e-01  0.0000e+00  6.5135e-02  ;...
   2.0917e-05  1.6970e-02  3.1117e-01  -1.8497e+00  4.3536e-01  2.3360e-06  6.5135e-02  ;...
   3.1573e-05  1.6970e-02  3.1117e-01  -1.8497e+00  4.3536e-01  3.0951e-06  6.5134e-02  ;...
   4.2363e-05  1.6970e-02  3.1117e-01  -1.8497e+00  4.3536e-01  4.6135e-06  6.5135e-02  ;...
   5.3289e-05  1.6970e-02  3.1117e-01  -1.8497e+00  4.3536e-01  5.5014e-06  6.5135e-02  ;...
   6.4352e-05  1.6970e-02  3.1117e-01  -1.8497e+00  4.3536e-01  6.8334e-06  6.5135e-02  ;...
   7.5554e-05  1.6970e-02  3.1117e-01  -1.8497e+00  4.3536e-01  7.7603e-06  6.5135e-02  ;...
   8.6898e-05  1.6970e-02  3.1117e-01  -1.8497e+00  4.3536e-01  9.5587e-06  6.5135e-02  ;...
   9.8384e-05  1.6970e-02  3.1117e-01  -1.8497e+00  4.3536e-01  1.0429e-05  6.5134e-02  ;...
   1.1001e-04  1.6970e-02  3.1117e-01  -1.8497e+00  4.3536e-01  1.1547e-05  6.5134e-02  ;...
   1.2179e-04  1.6970e-02  3.1117e-01  -1.8497e+00  4.3536e-01  1.2838e-05  6.5135e-02  ;...
   1.3372e-04  1.6970e-02  3.1117e-01  -1.8497e+00  4.3536e-01  1.4251e-05  6.5134e-02  ;...
   1.4579e-04  1.6970e-02  3.1117e-01  -1.8497e+00  4.3536e-01  1.5752e-05  6.5135e-02  ;...
   1.5802e-04  1.6970e-02  3.1117e-01  -1.8497e+00  4.3536e-01  1.7006e-05  6.5135e-02  ;...
   1.7040e-04  1.6970e-02  3.1117e-01  -1.8497e+00  4.3536e-01  1.8351e-05  6.5135e-02  ;...
   1.8293e-04  1.6970e-02  3.1117e-01  -1.8497e+00  4.3536e-01  1.9498e-05  6.5135e-02  ;...
   1.9563e-04  1.6970e-02  3.1117e-01  -1.8497e+00  4.3536e-01  2.0980e-05  6.5135e-02  ;...
   2.0848e-04  1.6970e-02  3.1117e-01  -1.8497e+00  4.3536e-01  2.2264e-05  6.5134e-02  ;...
   2.2150e-04  1.6970e-02  3.1117e-01  -1.8497e+00  4.3536e-01  2.3603e-05  6.5134e-02  ;...
   2.3468e-04  1.6970e-02  3.1117e-01  -1.8497e+00  4.3536e-01  2.5193e-05  6.5135e-02  ;...
   2.4802e-04  1.6970e-02  3.1117e-01  -1.8497e+00  4.3536e-01  2.6595e-05  6.5135e-02  ;...
   2.6153e-04  1.6970e-02  3.1117e-01  -1.8497e+00  4.3536e-01  2.8023e-05  6.5135e-02  ;...
   2.7522e-04  1.6970e-02  3.1117e-01  -1.8497e+00  4.3536e-01  2.9471e-05  6.5135e-02  ;...
   2.8907e-04  1.6970e-02  3.1117e-01  -1.8497e+00  4.3536e-01  3.0932e-05  6.5134e-02  ;...
   3.0310e-04  1.6970e-02  3.1117e-01  -1.8497e+00  4.3536e-01  3.2402e-05  6.5135e-02  ;...
   3.1731e-04  1.6970e-02  3.1117e-01  -1.8497e+00  4.3536e-01  3.3877e-05  6.5135e-02  ;...
   3.3169e-04  1.6970e-02  3.1117e-01  -1.8497e+00  4.3536e-01  3.5501e-05  6.5135e-02  ;...
   3.4625e-04  1.6970e-02  3.1117e-01  -1.8497e+00  4.3536e-01  3.6971e-05  6.5135e-02  ;...
   3.6100e-04  1.6970e-02  3.1117e-01  -1.8497e+00  4.3536e-01  3.8574e-05  6.5135e-02  ;...
   3.7594e-04  1.6970e-02  3.1117e-01  -1.8497e+00  4.3536e-01  4.0161e-05  6.5135e-02  ;...
   3.9106e-04  1.6970e-02  3.1117e-01  -1.8497e+00  4.3536e-01  4.1856e-05  6.5135e-02  ;...
   4.0637e-04  1.6970e-02  3.1117e-01  -1.8497e+00  4.3536e-01  4.3405e-05  6.5135e-02  ;...
   4.2187e-04  1.6970e-02  3.1117e-01  -1.8497e+00  4.3536e-01  4.5169e-05  6.5135e-02  ;...
   4.3757e-04  1.6970e-02  3.1117e-01  -1.8497e+00  4.3536e-01  4.6786e-05  6.5135e-02  ;...
   4.5347e-04  1.6970e-02  3.1117e-01  -1.8497e+00  4.3536e-01  4.8486e-05  6.5135e-02  ;...
   4.6957e-04  1.6970e-02  3.1117e-01  -1.8497e+00  4.3536e-01  5.0258e-05  6.5135e-02  ;...
   4.8587e-04  1.6970e-02  3.1117e-01  -1.8497e+00  4.3536e-01  5.1991e-05  6.5135e-02  ;...
   5.0237e-04  1.6970e-02  3.1117e-01  -1.8497e+00  4.3536e-01  5.3687e-05  6.5135e-02  ;...
   5.1908e-04  1.6970e-02  3.1117e-01  -1.8497e+00  4.3536e-01  5.5535e-05  6.5135e-02  ;...
   5.3601e-04  1.6970e-02  3.1117e-01  -1.8497e+00  4.3536e-01  5.7337e-05  6.5135e-02  ;...
   5.5314e-04  1.6970e-02  3.1117e-01  -1.8497e+00  4.3536e-01  5.9183e-05  6.5135e-02  ;...
   5.7049e-04  1.6970e-02  3.1117e-01  -1.8497e+00  4.3536e-01  6.0980e-05  6.5135e-02  ;...
   5.8806e-04  1.6970e-02  3.1117e-01  -1.8497e+00  4.3536e-01  6.2897e-05  6.5135e-02  ;...
   6.0585e-04  1.6970e-02  3.1117e-01  -1.8497e+00  4.3536e-01  6.4760e-05  6.5135e-02  ;...
   6.2386e-04  1.6970e-02  3.1117e-01  -1.8497e+00  4.3536e-01  6.6728e-05  6.5135e-02  ;...
   6.4210e-04  1.6970e-02  3.1117e-01  -1.8497e+00  4.3536e-01  6.8713e-05  6.5135e-02  ;...
   6.6057e-04  1.6970e-02  3.1117e-01  -1.8497e+00  4.3536e-01  7.0638e-05  6.5135e-02  ;...
   6.7928e-04  1.6970e-02  3.1117e-01  -1.8497e+00  4.3536e-01  7.2649e-05  6.5135e-02  ;...
   6.9821e-04  1.6970e-02  3.1117e-01  -1.8497e+00  4.3536e-01  7.4668e-05  6.5135e-02  ;...
   7.1739e-04  1.6970e-02  3.1117e-01  -1.8497e+00  4.3536e-01  7.6758e-05  6.5135e-02  ;...
   7.3681e-04  1.6970e-02  3.1117e-01  -1.8497e+00  4.3536e-01  7.8781e-05  6.5135e-02  ;...
   7.5647e-04  1.6970e-02  3.1117e-01  -1.8497e+00  4.3536e-01  8.0931e-05  6.5135e-02  ;...
   7.7637e-04  1.6970e-02  3.1117e-01  -1.8497e+00  4.3536e-01  8.3010e-05  6.5135e-02  ;...
   7.9653e-04  1.6970e-02  3.1117e-01  -1.8497e+00  4.3536e-01  8.5203e-05  6.5135e-02  ;...
   8.1695e-04  1.6970e-02  3.1117e-01  -1.8497e+00  4.3536e-01  8.7380e-05  6.5135e-02  ;...
   8.3761e-04  1.6970e-02  3.1117e-01  -1.8497e+00  4.3536e-01  8.9599e-05  6.5135e-02  ;...
   8.5854e-04  1.6970e-02  3.1117e-01  -1.8497e+00  4.3536e-01  9.1797e-05  6.5135e-02  ;...
   8.7973e-04  1.6970e-02  3.1117e-01  -1.8497e+00  4.3536e-01  9.4084e-05  6.5135e-02  ;...
   9.0119e-04  1.6970e-02  3.1117e-01  -1.8497e+00  4.3536e-01  9.6398e-05  6.5135e-02  ;...
   9.2292e-04  1.6970e-02  3.1117e-01  -1.8497e+00  4.3536e-01  9.8735e-05  6.5135e-02  ;...
   9.4492e-04  1.6970e-02  3.1117e-01  -1.8497e+00  4.3536e-01  1.0104e-04  6.5135e-02  ;...
   9.6720e-04  1.6970e-02  3.1117e-01  -1.8497e+00  4.3536e-01  1.0346e-04  6.5135e-02  ;...
   9.8976e-04  1.6970e-02  3.1117e-01  -1.8497e+00  4.3536e-01  1.0584e-04  6.5135e-02  ;...
   1.0126e-03  1.6970e-02  3.1117e-01  -1.8497e+00  4.3536e-01  1.0828e-04  6.5135e-02  ;...
   1.0357e-03  1.6970e-02  3.1117e-01  -1.8497e+00  4.3536e-01  1.1077e-04  6.5135e-02  ;...
   1.0592e-03  1.6970e-02  3.1117e-01  -1.8497e+00  4.3536e-01  1.1330e-04  6.5135e-02  ;...
   1.0829e-03  1.6970e-02  3.1117e-01  -1.8497e+00  4.3536e-01  1.1583e-04  6.5135e-02  ;...
   1.1069e-03  1.6970e-02  3.1117e-01  -1.8497e+00  4.3536e-01  1.1839e-04  6.5135e-02  ;...
   1.1312e-03  1.6970e-02  3.1117e-01  -1.8497e+00  4.3536e-01  1.2098e-04  6.5135e-02  ;...
   1.1558e-03  1.6970e-02  3.1117e-01  -1.8497e+00  4.3536e-01  1.2361e-04  6.5135e-02  ;...
   1.1808e-03  1.6970e-02  3.1117e-01  -1.8497e+00  4.3536e-01  1.2629e-04  6.5135e-02  ;...
   1.2060e-03  1.6970e-02  3.1117e-01  -1.8497e+00  4.3536e-01  1.2900e-04  6.5135e-02  ;...
   1.2316e-03  1.6970e-02  3.1117e-01  -1.8497e+00  4.3536e-01  1.3172e-04  6.5135e-02  ;...
   1.2574e-03  1.6970e-02  3.1117e-01  -1.8497e+00  4.3536e-01  1.3448e-04  6.5135e-02  ;...
   1.2837e-03  1.6970e-02  3.1117e-01  -1.8497e+00  4.3536e-01  1.3729e-04  6.5135e-02  ;...
   1.3102e-03  1.6970e-02  3.1117e-01  -1.8497e+00  4.3536e-01  1.4014e-04  6.5135e-02  ;...
   1.3371e-03  1.6970e-02  3.1117e-01  -1.8497e+00  4.3536e-01  1.4299e-04  6.5135e-02  ;...
   1.3643e-03  1.6970e-02  3.1117e-01  -1.8497e+00  4.3536e-01  1.4591e-04  6.5135e-02  ;...
   1.3918e-03  1.6970e-02  3.1117e-01  -1.8497e+00  4.3536e-01  1.4885e-04  6.5135e-02  ;...
   1.4197e-03  1.6970e-02  3.1117e-01  -1.8497e+00  4.3536e-01  1.5184e-04  6.5135e-02  ;...
   1.4480e-03  1.6970e-02  3.1117e-01  -1.8497e+00  4.3536e-01  1.5488e-04  6.5135e-02  ;...
   1.4766e-03  1.6970e-02  3.1117e-01  -1.8497e+00  4.3536e-01  1.5794e-04  6.5135e-02  ;...
   1.5056e-03  1.6970e-02  3.1117e-01  -1.8497e+00  4.3536e-01  1.6103e-04  6.5135e-02  ;...
   1.5349e-03  1.6970e-02  3.1117e-01  -1.8497e+00  4.3536e-01  1.6416e-04  6.5135e-02  ;...
   1.5646e-03  1.6970e-02  3.1117e-01  -1.8497e+00  4.3536e-01  1.6732e-04  6.5135e-02  ;...
