dataMg = [...
   2.5982e-06  9.4745e-02  7.7577e-01  -1.0112e+00  -3.7084e-01  0.0000e+00  1.0882e-01  ;...
   5.2292e-06  9.4745e-02  7.7577e-01  -1.0112e+00  -3.7084e-01  0.0000e+00  1.0882e-01  ;...
   7.8932e-06  9.4745e-02  7.7577e-01  -1.0112e+00  -3.7084e-01  0.0000e+00  1.0882e-01  ;...
   1.0591e-05  9.4745e-02  7.7577e-01  -1.0112e+00  -3.7084e-01  0.0000e+00  1.0883e-01  ;...
   1.3322e-05  9.4745e-02  7.7577e-01  -1.0112e+00  -3.7084e-01  0.0000e+00  1.0882e-01  ;...
   1.6088e-05  9.4745e-02  7.7577e-01  -1.0112e+00  -3.7084e-01  0.0000e+00  1.0882e-01  ;...
   1.8889e-05  9.4745e-02  7.7577e-01  -1.0112e+00  -3.7084e-01  0.0000e+00  1.0883e-01  ;...
   2.1724e-05  9.4745e-02  7.7577e-01  -1.0112e+00  -3.7084e-01  2.2491e-06  1.0882e-01  ;...
   2.4596e-05  9.4745e-02  7.7577e-01  -1.0112e+00  -3.7084e-01  1.9865e-06  1.0883e-01  ;...
   2.7504e-05  9.4745e-02  7.7577e-01  -1.0112e+00  -3.7084e-01  1.7765e-06  1.0882e-01  ;...
   3.0448e-05  9.4745e-02  7.7577e-01  -1.0112e+00  -3.7084e-01  1.6047e-06  1.0882e-01  ;...
   3.3429e-05  9.4745e-02  7.7577e-01  -1.0112e+00  -3.7084e-01  1.4616e-06  1.0882e-01  ;...
   3.6448e-05  9.4745e-02  7.7577e-01  -1.0112e+00  -3.7084e-01  2.6811e-06  1.0882e-01  ;...
   3.9504e-05  9.4745e-02  7.7577e-01  -1.0112e+00  -3.7084e-01  2.4737e-06  1.0882e-01  ;...
   4.2599e-05  9.4745e-02  7.7577e-01  -1.0112e+00  -3.7084e-01  2.2939e-06  1.0882e-01  ;...
   4.5734e-05  9.4745e-02  7.7577e-01  -1.0112e+00  -3.7084e-01  3.2051e-06  1.0882e-01  ;...
   4.8907e-05  9.4745e-02  7.7577e-01  -1.0112e+00  -3.7084e-01  2.9971e-06  1.0882e-01  ;...
   5.2120e-05  9.4745e-02  7.7577e-01  -1.0112e+00  -3.7084e-01  2.8123e-06  1.0882e-01  ;...
   5.5374e-05  9.4745e-02  7.7577e-01  -1.0112e+00  -3.7084e-01  3.5295e-06  1.0882e-01  ;...
   5.8669e-05  9.4745e-02  7.7577e-01  -1.0112e+00  -3.7084e-01  3.3312e-06  1.0882e-01  ;...
   6.2005e-05  9.4745e-02  7.7577e-01  -1.0112e+00  -3.7084e-01  3.9400e-06  1.0882e-01  ;...
   6.5383e-05  9.4745e-02  7.7577e-01  -1.0112e+00  -3.7084e-01  3.7364e-06  1.0882e-01  ;...
   6.8804e-05  9.4745e-02  7.7577e-01  -1.0112e+00  -3.7084e-01  4.2608e-06  1.0882e-01  ;...
   7.2268e-05  9.4745e-02  7.7577e-01  -1.0112e+00  -3.7084e-01  4.0566e-06  1.0882e-01  ;...
   7.5775e-05  9.4745e-02  7.7577e-01  -1.0112e+00  -3.7084e-01  4.5136e-06  1.0882e-01  ;...
   7.9326e-05  9.4745e-02  7.7577e-01  -1.0112e+00  -3.7084e-01  4.9275e-06  1.0882e-01  ;...
   8.2922e-05  9.4745e-02  7.7577e-01  -1.0112e+00  -3.7084e-01  4.7138e-06  1.0882e-01  ;...
   8.6564e-05  9.4745e-02  7.7577e-01  -1.0112e+00  -3.7084e-01  5.0800e-06  1.0882e-01  ;...
   9.0251e-05  9.4745e-02  7.7577e-01  -1.0112e+00  -3.7084e-01  5.4138e-06  1.0882e-01  ;...
   9.3984e-05  9.4745e-02  7.7577e-01  -1.0112e+00  -3.7084e-01  5.7186e-06  1.0882e-01  ;...
   9.7765e-05  9.4745e-02  7.7577e-01  -1.0112e+00  -3.7084e-01  5.9973e-06  1.0882e-01  ;...
   1.0159e-04  9.4745e-02  7.7577e-01  -1.0112e+00  -3.7084e-01  6.2523e-06  1.0882e-01  ;...
   1.0547e-04  9.4745e-02  7.7577e-01  -1.0112e+00  -3.7084e-01  6.4857e-06  1.0882e-01  ;...
   1.0939e-04  9.4745e-02  7.7577e-01  -1.0112e+00  -3.7084e-01  6.6997e-06  1.0882e-01  ;...
   1.1337e-04  9.4745e-02  7.7577e-01  -1.0112e+00  -3.7084e-01  6.8958e-06  1.0882e-01  ;...
   1.1739e-04  9.4745e-02  7.7577e-01  -1.0112e+00  -3.7084e-01  7.0756e-06  1.0882e-01  ;...
   1.2147e-04  9.4745e-02  7.7577e-01  -1.0112e+00  -3.7084e-01  7.2405e-06  1.0882e-01  ;...
   1.2559e-04  9.4745e-02  7.7577e-01  -1.0112e+00  -3.7084e-01  7.3917e-06  1.0882e-01  ;...
   1.2977e-04  9.4745e-02  7.7577e-01  -1.0112e+00  -3.7084e-01  7.9067e-06  1.0882e-01  ;...
   1.3400e-04  9.4745e-02  7.7577e-01  -1.0112e+00  -3.7084e-01  8.0217e-06  1.0882e-01  ;...
   1.3829e-04  9.4745e-02  7.7577e-01  -1.0112e+00  -3.7084e-01  8.4799e-06  1.0882e-01  ;...
   1.4262e-04  9.4745e-02  7.7577e-01  -1.0112e+00  -3.7084e-01  8.5646e-06  1.0882e-01  ;...
   1.4702e-04  9.4745e-02  7.7577e-01  -1.0112e+00  -3.7084e-01  8.9734e-06  1.0882e-01  ;...
   1.5146e-04  9.4745e-02  7.7577e-01  -1.0112e+00  -3.7084e-01  9.0325e-06  1.0882e-01  ;...
   1.5597e-04  9.4745e-02  7.7577e-01  -1.0112e+00  -3.7084e-01  9.3982e-06  1.0882e-01  ;...
   1.6053e-04  9.4745e-02  7.7577e-01  -1.0112e+00  -3.7084e-01  9.7400e-06  1.0882e-01  ;...
   1.6514e-04  9.4745e-02  7.7577e-01  -1.0112e+00  -3.7084e-01  1.0059e-05  1.0882e-01  ;...
   1.6982e-04  9.4745e-02  7.7577e-01  -1.0112e+00  -3.7084e-01  1.0358e-05  1.0882e-01  ;...
   1.7455e-04  9.4745e-02  7.7577e-01  -1.0112e+00  -3.7084e-01  1.0637e-05  1.0882e-01  ;...
   1.7935e-04  9.4745e-02  7.7577e-01  -1.0112e+00  -3.7084e-01  1.0897e-05  1.0882e-01  ;...
   1.8420e-04  9.4745e-02  7.7577e-01  -1.0112e+00  -3.7084e-01  1.1141e-05  1.0882e-01  ;...
   1.8912e-04  9.4745e-02  7.7577e-01  -1.0112e+00  -3.7084e-01  1.1368e-05  1.0882e-01  ;...
   1.9409e-04  9.4745e-02  7.7577e-01  -1.0112e+00  -3.7084e-01  1.1580e-05  1.0882e-01  ;...
   1.9913e-04  9.4745e-02  7.7577e-01  -1.0112e+00  -3.7084e-01  1.2023e-05  1.0882e-01  ;...
   2.0424e-04  9.4745e-02  7.7577e-01  -1.0112e+00  -3.7084e-01  1.2201e-05  1.0882e-01  ;...
   2.0940e-04  9.4745e-02  7.7577e-01  -1.0112e+00  -3.7084e-01  1.2600e-05  1.0882e-01  ;...
   2.1464e-04  9.4745e-02  7.7577e-01  -1.0112e+00  -3.7084e-01  1.2976e-05  1.0882e-01  ;...
   2.1993e-04  9.4745e-02  7.7577e-01  -1.0112e+00  -3.7084e-01  1.3330e-05  1.0882e-01  ;...
   2.2530e-04  9.4745e-02  7.7577e-01  -1.0112e+00  -3.7084e-01  1.3663e-05  1.0882e-01  ;...
   2.3073e-04  9.4745e-02  7.7577e-01  -1.0112e+00  -3.7084e-01  1.3976e-05  1.0882e-01  ;...
   2.3623e-04  9.4745e-02  7.7577e-01  -1.0112e+00  -3.7084e-01  1.4271e-05  1.0882e-01  ;...
   2.4180e-04  9.4745e-02  7.7577e-01  -1.0112e+00  -3.7084e-01  1.4549e-05  1.0882e-01  ;...
   2.4744e-04  9.4745e-02  7.7577e-01  -1.0112e+00  -3.7084e-01  1.4810e-05  1.0882e-01  ;...
   2.5315e-04  9.4745e-02  7.7577e-01  -1.0112e+00  -3.7084e-01  1.5248e-05  1.0882e-01  ;...
   2.5893e-04  9.4745e-02  7.7577e-01  -1.0112e+00  -3.7084e-01  1.5662e-05  1.0882e-01  ;...
   2.6479e-04  9.4745e-02  7.7577e-01  -1.0112e+00  -3.7084e-01  1.5869e-05  1.0882e-01  ;...
   2.7072e-04  9.4745e-02  7.7577e-01  -1.0112e+00  -3.7084e-01  1.6244e-05  1.0882e-01  ;...
   2.7672e-04  9.4745e-02  7.7577e-01  -1.0112e+00  -3.7084e-01  1.6597e-05  1.0882e-01  ;...
   2.8280e-04  9.4745e-02  7.7577e-01  -1.0112e+00  -3.7084e-01  1.7105e-05  1.0882e-01  ;...
   2.8896e-04  9.4745e-02  7.7577e-01  -1.0112e+00  -3.7084e-01  1.7417e-05  1.0882e-01  ;...
   2.9519e-04  9.4745e-02  7.7577e-01  -1.0112e+00  -3.7084e-01  1.7711e-05  1.0882e-01  ;...
   3.0150e-04  9.4745e-02  7.7577e-01  -1.0112e+00  -3.7084e-01  1.8150e-05  1.0882e-01  ;...
   3.0789e-04  9.4745e-02  7.7577e-01  -1.0112e+00  -3.7084e-01  1.8567e-05  1.0882e-01  ;...
   3.1436e-04  9.4745e-02  7.7577e-01  -1.0112e+00  -3.7084e-01  1.8962e-05  1.0882e-01  ;...
   3.2091e-04  9.4745e-02  7.7577e-01  -1.0112e+00  -3.7084e-01  1.9336e-05  1.0882e-01  ;...
   3.2755e-04  9.4745e-02  7.7577e-01  -1.0112e+00  -3.7084e-01  1.9690e-05  1.0882e-01  ;...
   3.3427e-04  9.4745e-02  7.7577e-01  -1.0112e+00  -3.7084e-01  2.0172e-05  1.0882e-01  ;...
   3.4107e-04  9.4745e-02  7.7577e-01  -1.0112e+00  -3.7084e-01  2.0486e-05  1.0882e-01  ;...
   3.4796e-04  9.4745e-02  7.7577e-01  -1.0112e+00  -3.7084e-01  2.0923e-05  1.0882e-01  ;...
   3.5493e-04  9.4745e-02  7.7577e-01  -1.0112e+00  -3.7084e-01  2.1337e-05  1.0882e-01  ;...
   3.6200e-04  9.4745e-02  7.7577e-01  -1.0112e+00  -3.7084e-01  2.1866e-05  1.0882e-01  ;...
   3.6915e-04  9.4745e-02  7.7577e-01  -1.0112e+00  -3.7084e-01  2.2236e-05  1.0882e-01  ;...
   3.7639e-04  9.4745e-02  7.7577e-01  -1.0112e+00  -3.7084e-01  2.2717e-05  1.0882e-01  ;...
   3.8372e-04  9.4745e-02  7.7577e-01  -1.0112e+00  -3.7084e-01  2.3175e-05  1.0882e-01  ;...
