dataN = [...
   4.4541e-06  2.5228e+00  4.6364e+00  -1.2000e+01  -5.0603e+00  1.0970e-05  5.6156e-01  ;...
   8.9643e-06  2.5228e+00  4.6364e+00  -1.2000e+01  -5.0603e+00  1.6352e-05  5.6156e-01  ;...
   1.3531e-05  2.5228e+00  4.6364e+00  -1.2000e+01  -5.0603e+00  2.1666e-05  5.6156e-01  ;...
   1.8155e-05  2.5228e+00  4.6364e+00  -1.2000e+01  -5.0603e+00  2.9603e-05  5.6156e-01  ;...
   2.2838e-05  2.5228e+00  4.6364e+00  -1.2000e+01  -5.0603e+00  3.6370e-05  5.6156e-01  ;...
   2.7579e-05  2.5228e+00  4.6364e+00  -1.2000e+01  -5.0603e+00  4.4291e-05  5.6156e-01  ;...
   3.2380e-05  2.5228e+00  4.6364e+00  -1.2000e+01  -5.0603e+00  5.2813e-05  5.6156e-01  ;...
   3.7242e-05  2.5228e+00  4.6364e+00  -1.2000e+01  -5.0603e+00  6.0351e-05  5.6156e-01  ;...
   4.2164e-05  2.5228e+00  4.6364e+00  -1.2000e+01  -5.0603e+00  6.8369e-05  5.6156e-01  ;...
   4.7149e-05  2.5228e+00  4.6364e+00  -1.2000e+01  -5.0603e+00  7.6686e-05  5.6156e-01  ;...
   5.2196e-05  2.5228e+00  4.6364e+00  -1.2000e+01  -5.0603e+00  8.5184e-05  5.6156e-01  ;...
   5.7307e-05  2.5228e+00  4.6364e+00  -1.2000e+01  -5.0603e+00  9.3787e-05  5.6156e-01  ;...
   6.2482e-05  2.5228e+00  4.6364e+00  -1.2000e+01  -5.0603e+00  1.0166e-04  5.6156e-01  ;...
   6.7722e-05  2.5228e+00  4.6364e+00  -1.2000e+01  -5.0603e+00  1.1039e-04  5.6156e-01  ;...
   7.3028e-05  2.5228e+00  4.6364e+00  -1.2000e+01  -5.0603e+00  1.1909e-04  5.6156e-01  ;...
   7.8400e-05  2.5228e+00  4.6364e+00  -1.2000e+01  -5.0603e+00  1.2776e-04  5.6156e-01  ;...
   8.3841e-05  2.5228e+00  4.6364e+00  -1.2000e+01  -5.0603e+00  1.3695e-04  5.6156e-01  ;...
   8.9349e-05  2.5228e+00  4.6364e+00  -1.2000e+01  -5.0603e+00  1.4546e-04  5.6156e-01  ;...
   9.4927e-05  2.5228e+00  4.6364e+00  -1.2000e+01  -5.0603e+00  1.5493e-04  5.6156e-01  ;...
   1.0058e-04  2.5228e+00  4.6364e+00  -1.2000e+01  -5.0603e+00  1.6420e-04  5.6156e-01  ;...
   1.0629e-04  2.5228e+00  4.6364e+00  -1.2000e+01  -5.0603e+00  1.7329e-04  5.6156e-01  ;...
   1.1209e-04  2.5228e+00  4.6364e+00  -1.2000e+01  -5.0603e+00  1.8265e-04  5.6156e-01  ;...
   1.1795e-04  2.5228e+00  4.6364e+00  -1.2000e+01  -5.0603e+00  1.9221e-04  5.6156e-01  ;...
   1.2389e-04  2.5228e+00  4.6364e+00  -1.2000e+01  -5.0603e+00  2.0193e-04  5.6156e-01  ;...
   1.2990e-04  2.5228e+00  4.6364e+00  -1.2000e+01  -5.0603e+00  2.1177e-04  5.6156e-01  ;...
   1.3599e-04  2.5228e+00  4.6364e+00  -1.2000e+01  -5.0603e+00  2.2169e-04  5.6156e-01  ;...
   1.4215e-04  2.5228e+00  4.6364e+00  -1.2000e+01  -5.0603e+00  2.3166e-04  5.6156e-01  ;...
   1.4839e-04  2.5228e+00  4.6364e+00  -1.2000e+01  -5.0603e+00  2.4200e-04  5.6156e-01  ;...
   1.5472e-04  2.5228e+00  4.6364e+00  -1.2000e+01  -5.0603e+00  2.5233e-04  5.6156e-01  ;...
   1.6112e-04  2.5228e+00  4.6364e+00  -1.2000e+01  -5.0603e+00  2.6262e-04  5.6156e-01  ;...
   1.6760e-04  2.5228e+00  4.6364e+00  -1.2000e+01  -5.0603e+00  2.7317e-04  5.6156e-01  ;...
   1.7416e-04  2.5228e+00  4.6364e+00  -1.2000e+01  -5.0603e+00  2.8392e-04  5.6156e-01  ;...
   1.8080e-04  2.5228e+00  4.6364e+00  -1.2000e+01  -5.0603e+00  2.9483e-04  5.6156e-01  ;...
   1.8753e-04  2.5228e+00  4.6364e+00  -1.2000e+01  -5.0603e+00  3.0588e-04  5.6156e-01  ;...
   1.9434e-04  2.5228e+00  4.6364e+00  -1.2000e+01  -5.0603e+00  3.1703e-04  5.6156e-01  ;...
   2.0124e-04  2.5228e+00  4.6364e+00  -1.2000e+01  -5.0603e+00  3.2825e-04  5.6156e-01  ;...
   2.0823e-04  2.5228e+00  4.6364e+00  -1.2000e+01  -5.0603e+00  3.3953e-04  5.6156e-01  ;...
   2.1530e-04  2.5228e+00  4.6364e+00  -1.2000e+01  -5.0603e+00  3.5107e-04  5.6156e-01  ;...
   2.2246e-04  2.5228e+00  4.6364e+00  -1.2000e+01  -5.0603e+00  3.6283e-04  5.6156e-01  ;...
   2.2972e-04  2.5228e+00  4.6364e+00  -1.2000e+01  -5.0603e+00  3.7456e-04  5.6156e-01  ;...
   2.3706e-04  2.5228e+00  4.6364e+00  -1.2000e+01  -5.0603e+00  3.8666e-04  5.6156e-01  ;...
   2.4450e-04  2.5228e+00  4.6364e+00  -1.2000e+01  -5.0603e+00  3.9868e-04  5.6156e-01  ;...
   2.5203e-04  2.5228e+00  4.6364e+00  -1.2000e+01  -5.0603e+00  4.1100e-04  5.6156e-01  ;...
   2.5965e-04  2.5228e+00  4.6364e+00  -1.2000e+01  -5.0603e+00  4.2340e-04  5.6156e-01  ;...
   2.6737e-04  2.5228e+00  4.6364e+00  -1.2000e+01  -5.0603e+00  4.3603e-04  5.6156e-01  ;...
   2.7519e-04  2.5228e+00  4.6364e+00  -1.2000e+01  -5.0603e+00  4.4885e-04  5.6156e-01  ;...
   2.8310e-04  2.5228e+00  4.6364e+00  -1.2000e+01  -5.0603e+00  4.6167e-04  5.6156e-01  ;...
   2.9112e-04  2.5228e+00  4.6364e+00  -1.2000e+01  -5.0603e+00  4.7481e-04  5.6156e-01  ;...
   2.9923e-04  2.5228e+00  4.6364e+00  -1.2000e+01  -5.0603e+00  4.8806e-04  5.6156e-01  ;...
   3.0745e-04  2.5228e+00  4.6364e+00  -1.2000e+01  -5.0603e+00  5.0139e-04  5.6156e-01  ;...
   3.1577e-04  2.5228e+00  4.6364e+00  -1.2000e+01  -5.0603e+00  5.1495e-04  5.6156e-01  ;...
   3.2420e-04  2.5228e+00  4.6364e+00  -1.2000e+01  -5.0603e+00  5.2869e-04  5.6156e-01  ;...
   3.3273e-04  2.5228e+00  4.6364e+00  -1.2000e+01  -5.0603e+00  5.4259e-04  5.6156e-01  ;...
   3.4137e-04  2.5228e+00  4.6364e+00  -1.2000e+01  -5.0603e+00  5.5663e-04  5.6156e-01  ;...
   3.5012e-04  2.5228e+00  4.6364e+00  -1.2000e+01  -5.0603e+00  5.7091e-04  5.6156e-01  ;...
   3.5898e-04  2.5228e+00  4.6364e+00  -1.2000e+01  -5.0603e+00  5.8541e-04  5.6156e-01  ;...
   3.6795e-04  2.5228e+00  4.6364e+00  -1.2000e+01  -5.0603e+00  6.0009e-04  5.6156e-01  ;...
   3.7703e-04  2.5228e+00  4.6364e+00  -1.2000e+01  -5.0603e+00  6.1479e-04  5.6156e-01  ;...
   3.8623e-04  2.5228e+00  4.6364e+00  -1.2000e+01  -5.0603e+00  6.2988e-04  5.6156e-01  ;...
   3.9554e-04  2.5228e+00  4.6364e+00  -1.2000e+01  -5.0603e+00  6.4507e-04  5.6156e-01  ;...
   4.0497e-04  2.5228e+00  4.6364e+00  -1.2000e+01  -5.0603e+00  6.6045e-04  5.6156e-01  ;...
   4.1452e-04  2.5228e+00  4.6364e+00  -1.2000e+01  -5.0603e+00  6.7600e-04  5.6156e-01  ;...
   4.2418e-04  2.5228e+00  4.6364e+00  -1.2000e+01  -5.0603e+00  6.9170e-04  5.6156e-01  ;...
   4.3397e-04  2.5228e+00  4.6364e+00  -1.2000e+01  -5.0603e+00  7.0773e-04  5.6156e-01  ;...
   4.4389e-04  2.5228e+00  4.6364e+00  -1.2000e+01  -5.0603e+00  7.2385e-04  5.6156e-01  ;...
   4.5392e-04  2.5228e+00  4.6364e+00  -1.2000e+01  -5.0603e+00  7.4024e-04  5.6156e-01  ;...
   4.6409e-04  2.5228e+00  4.6364e+00  -1.2000e+01  -5.0603e+00  7.5677e-04  5.6156e-01  ;...
   4.7438e-04  2.5228e+00  4.6364e+00  -1.2000e+01  -5.0603e+00  7.7362e-04  5.6156e-01  ;...
   4.8480e-04  2.5228e+00  4.6364e+00  -1.2000e+01  -5.0603e+00  7.9055e-04  5.6156e-01  ;...
   4.9535e-04  2.5228e+00  4.6364e+00  -1.2000e+01  -5.0603e+00  8.0784e-04  5.6156e-01  ;...
   5.0604e-04  2.5228e+00  4.6364e+00  -1.2000e+01  -5.0603e+00  8.2525e-04  5.6156e-01  ;...
   5.1686e-04  2.5228e+00  4.6364e+00  -1.2000e+01  -5.0603e+00  8.4286e-04  5.6156e-01  ;...
   5.2781e-04  2.5228e+00  4.6364e+00  -1.2000e+01  -5.0603e+00  8.6073e-04  5.6156e-01  ;...
   5.3890e-04  2.5228e+00  4.6364e+00  -1.2000e+01  -5.0603e+00  8.7882e-04  5.6156e-01  ;...
   5.5014e-04  2.5228e+00  4.6364e+00  -1.2000e+01  -5.0603e+00  8.9712e-04  5.6156e-01  ;...
   5.6151e-04  2.5228e+00  4.6364e+00  -1.2000e+01  -5.0603e+00  9.1566e-04  5.6156e-01  ;...
   5.7303e-04  2.5228e+00  4.6364e+00  -1.2000e+01  -5.0603e+00  9.3444e-04  5.6156e-01  ;...
   5.8469e-04  2.5228e+00  4.6364e+00  -1.2000e+01  -5.0603e+00  9.5349e-04  5.6156e-01  ;...
   5.9650e-04  2.5228e+00  4.6364e+00  -1.2000e+01  -5.0603e+00  9.7278e-04  5.6156e-01  ;...
   6.0846e-04  2.5228e+00  4.6364e+00  -1.2000e+01  -5.0603e+00  9.9221e-04  5.6156e-01  ;...
   6.2056e-04  2.5228e+00  4.6364e+00  -1.2000e+01  -5.0603e+00  1.0120e-03  5.6156e-01  ;...
   6.3282e-04  2.5228e+00  4.6364e+00  -1.2000e+01  -5.0603e+00  1.0320e-03  5.6156e-01  ;...
   6.4524e-04  2.5228e+00  4.6364e+00  -1.2000e+01  -5.0603e+00  1.0523e-03  5.6156e-01  ;...
   6.5781e-04  2.5228e+00  4.6364e+00  -1.2000e+01  -5.0603e+00  1.0727e-03  5.6156e-01  ;...
