dataNe = [...
   3.1179e-06  8.6760e+00  9.0355e+00  -1.3756e+01  -1.1618e+01  0.0000e+00  1.0414e+00  ;...
   6.2750e-06  8.6760e+00  9.0355e+00  -1.3756e+01  -1.1618e+01  7.7865e-06  1.0414e+00  ;...
   9.4718e-06  8.6760e+00  9.0355e+00  -1.3756e+01  -1.1618e+01  1.5475e-05  1.0414e+00  ;...
   1.2709e-05  8.6760e+00  9.0355e+00  -1.3756e+01  -1.1618e+01  1.9223e-05  1.0414e+00  ;...
   1.5987e-05  8.6760e+00  9.0355e+00  -1.3756e+01  -1.1618e+01  2.4451e-05  1.0414e+00  ;...
   1.9306e-05  8.6760e+00  9.0355e+00  -1.3756e+01  -1.1618e+01  2.7840e-05  1.0414e+00  ;...
   2.2666e-05  8.6760e+00  9.0355e+00  -1.3756e+01  -1.1618e+01  3.4490e-05  1.0414e+00  ;...
   2.6069e-05  8.6760e+00  9.0355e+00  -1.3756e+01  -1.1618e+01  3.9359e-05  1.0414e+00  ;...
   2.9515e-05  8.6760e+00  9.0355e+00  -1.3756e+01  -1.1618e+01  4.4697e-05  1.0414e+00  ;...
   3.3004e-05  8.6760e+00  9.0355e+00  -1.3756e+01  -1.1618e+01  4.8854e-05  1.0414e+00  ;...
   3.6537e-05  8.6760e+00  9.0355e+00  -1.3756e+01  -1.1618e+01  5.4828e-05  1.0414e+00  ;...
   4.0115e-05  8.6760e+00  9.0355e+00  -1.3756e+01  -1.1618e+01  5.9683e-05  1.0414e+00  ;...
   4.3737e-05  8.6760e+00  9.0355e+00  -1.3756e+01  -1.1618e+01  6.5911e-05  1.0414e+00  ;...
   4.7405e-05  8.6760e+00  9.0355e+00  -1.3756e+01  -1.1618e+01  7.1118e-05  1.0414e+00  ;...
   5.1119e-05  8.6760e+00  9.0355e+00  -1.3756e+01  -1.1618e+01  7.6465e-05  1.0414e+00  ;...
   5.4880e-05  8.6760e+00  9.0355e+00  -1.3756e+01  -1.1618e+01  8.1908e-05  1.0414e+00  ;...
   5.8688e-05  8.6760e+00  9.0355e+00  -1.3756e+01  -1.1618e+01  8.8249e-05  1.0414e+00  ;...
   6.2545e-05  8.6760e+00  9.0355e+00  -1.3756e+01  -1.1618e+01  9.3745e-05  1.0414e+00  ;...
   6.6449e-05  8.6760e+00  9.0355e+00  -1.3756e+01  -1.1618e+01  9.9266e-05  1.0414e+00  ;...
   7.0403e-05  8.6760e+00  9.0355e+00  -1.3756e+01  -1.1618e+01  1.0549e-04  1.0414e+00  ;...
   7.4406e-05  8.6760e+00  9.0355e+00  -1.3756e+01  -1.1618e+01  1.1163e-04  1.0414e+00  ;...
   7.8460e-05  8.6760e+00  9.0355e+00  -1.3756e+01  -1.1618e+01  1.1770e-04  1.0414e+00  ;...
   8.2565e-05  8.6760e+00  9.0355e+00  -1.3756e+01  -1.1618e+01  1.2368e-04  1.0414e+00  ;...
   8.6721e-05  8.6760e+00  9.0355e+00  -1.3756e+01  -1.1618e+01  1.2959e-04  1.0414e+00  ;...
   9.0930e-05  8.6760e+00  9.0355e+00  -1.3756e+01  -1.1618e+01  1.3595e-04  1.0414e+00  ;...
   9.5192e-05  8.6760e+00  9.0355e+00  -1.3756e+01  -1.1618e+01  1.4269e-04  1.0414e+00  ;...
   9.9507e-05  8.6760e+00  9.0355e+00  -1.3756e+01  -1.1618e+01  1.4878e-04  1.0414e+00  ;...
   1.0388e-04  8.6760e+00  9.0355e+00  -1.3756e+01  -1.1618e+01  1.5569e-04  1.0414e+00  ;...
   1.0830e-04  8.6760e+00  9.0355e+00  -1.3756e+01  -1.1618e+01  1.6196e-04  1.0414e+00  ;...
   1.1278e-04  8.6760e+00  9.0355e+00  -1.3756e+01  -1.1618e+01  1.6896e-04  1.0414e+00  ;...
   1.1732e-04  8.6760e+00  9.0355e+00  -1.3756e+01  -1.1618e+01  1.7575e-04  1.0414e+00  ;...
   1.2191e-04  8.6760e+00  9.0355e+00  -1.3756e+01  -1.1618e+01  1.8276e-04  1.0414e+00  ;...
   1.2656e-04  8.6760e+00  9.0355e+00  -1.3756e+01  -1.1618e+01  1.8955e-04  1.0414e+00  ;...
   1.3127e-04  8.6760e+00  9.0355e+00  -1.3756e+01  -1.1618e+01  1.9652e-04  1.0414e+00  ;...
   1.3604e-04  8.6760e+00  9.0355e+00  -1.3756e+01  -1.1618e+01  2.0364e-04  1.0414e+00  ;...
   1.4087e-04  8.6760e+00  9.0355e+00  -1.3756e+01  -1.1618e+01  2.1088e-04  1.0414e+00  ;...
   1.4576e-04  8.6760e+00  9.0355e+00  -1.3756e+01  -1.1618e+01  2.1822e-04  1.0414e+00  ;...
   1.5071e-04  8.6760e+00  9.0355e+00  -1.3756e+01  -1.1618e+01  2.2564e-04  1.0414e+00  ;...
   1.5573e-04  8.6760e+00  9.0355e+00  -1.3756e+01  -1.1618e+01  2.3312e-04  1.0414e+00  ;...
   1.6080e-04  8.6760e+00  9.0355e+00  -1.3756e+01  -1.1618e+01  2.4065e-04  1.0414e+00  ;...
   1.6594e-04  8.6760e+00  9.0355e+00  -1.3756e+01  -1.1618e+01  2.4851e-04  1.0414e+00  ;...
   1.7115e-04  8.6760e+00  9.0355e+00  -1.3756e+01  -1.1618e+01  2.5637e-04  1.0414e+00  ;...
   1.7642e-04  8.6760e+00  9.0355e+00  -1.3756e+01  -1.1618e+01  2.6422e-04  1.0414e+00  ;...
   1.8176e-04  8.6760e+00  9.0355e+00  -1.3756e+01  -1.1618e+01  2.7205e-04  1.0414e+00  ;...
   1.8716e-04  8.6760e+00  9.0355e+00  -1.3756e+01  -1.1618e+01  2.8038e-04  1.0414e+00  ;...
   1.9263e-04  8.6760e+00  9.0355e+00  -1.3756e+01  -1.1618e+01  2.8840e-04  1.0414e+00  ;...
   1.9817e-04  8.6760e+00  9.0355e+00  -1.3756e+01  -1.1618e+01  2.9685e-04  1.0414e+00  ;...
   2.0378e-04  8.6760e+00  9.0355e+00  -1.3756e+01  -1.1618e+01  3.0522e-04  1.0414e+00  ;...
   2.0946e-04  8.6760e+00  9.0355e+00  -1.3756e+01  -1.1618e+01  3.1374e-04  1.0414e+00  ;...
   2.1522e-04  8.6760e+00  9.0355e+00  -1.3756e+01  -1.1618e+01  3.2238e-04  1.0414e+00  ;...
   2.2104e-04  8.6760e+00  9.0355e+00  -1.3756e+01  -1.1618e+01  3.3091e-04  1.0414e+00  ;...
   2.2694e-04  8.6760e+00  9.0355e+00  -1.3756e+01  -1.1618e+01  3.3974e-04  1.0414e+00  ;...
   2.3291e-04  8.6760e+00  9.0355e+00  -1.3756e+01  -1.1618e+01  3.4886e-04  1.0414e+00  ;...
   2.3896e-04  8.6760e+00  9.0355e+00  -1.3756e+01  -1.1618e+01  3.5782e-04  1.0414e+00  ;...
   2.4508e-04  8.6760e+00  9.0355e+00  -1.3756e+01  -1.1618e+01  3.6702e-04  1.0414e+00  ;...
   2.5128e-04  8.6760e+00  9.0355e+00  -1.3756e+01  -1.1618e+01  3.7625e-04  1.0414e+00  ;...
   2.5756e-04  8.6760e+00  9.0355e+00  -1.3756e+01  -1.1618e+01  3.8566e-04  1.0414e+00  ;...
   2.6392e-04  8.6760e+00  9.0355e+00  -1.3756e+01  -1.1618e+01  3.9526e-04  1.0414e+00  ;...
   2.7036e-04  8.6760e+00  9.0355e+00  -1.3756e+01  -1.1618e+01  4.0482e-04  1.0414e+00  ;...
   2.7688e-04  8.6760e+00  9.0355e+00  -1.3756e+01  -1.1618e+01  4.1470e-04  1.0414e+00  ;...
   2.8348e-04  8.6760e+00  9.0355e+00  -1.3756e+01  -1.1618e+01  4.2452e-04  1.0414e+00  ;...
   2.9016e-04  8.6760e+00  9.0355e+00  -1.3756e+01  -1.1618e+01  4.3445e-04  1.0414e+00  ;...
   2.9693e-04  8.6760e+00  9.0355e+00  -1.3756e+01  -1.1618e+01  4.4462e-04  1.0414e+00  ;...
   3.0378e-04  8.6760e+00  9.0355e+00  -1.3756e+01  -1.1618e+01  4.5486e-04  1.0414e+00  ;...
   3.1072e-04  8.6760e+00  9.0355e+00  -1.3756e+01  -1.1618e+01  4.6530e-04  1.0414e+00  ;...
   3.1775e-04  8.6760e+00  9.0355e+00  -1.3756e+01  -1.1618e+01  4.7577e-04  1.0414e+00  ;...
   3.2486e-04  8.6760e+00  9.0355e+00  -1.3756e+01  -1.1618e+01  4.8640e-04  1.0414e+00  ;...
   3.3207e-04  8.6760e+00  9.0355e+00  -1.3756e+01  -1.1618e+01  4.9733e-04  1.0414e+00  ;...
   3.3936e-04  8.6760e+00  9.0355e+00  -1.3756e+01  -1.1618e+01  5.0824e-04  1.0414e+00  ;...
   3.4675e-04  8.6760e+00  9.0355e+00  -1.3756e+01  -1.1618e+01  5.1926e-04  1.0414e+00  ;...
   3.5423e-04  8.6760e+00  9.0355e+00  -1.3756e+01  -1.1618e+01  5.3050e-04  1.0414e+00  ;...
   3.6180e-04  8.6760e+00  9.0355e+00  -1.3756e+01  -1.1618e+01  5.4181e-04  1.0414e+00  ;...
   3.6947e-04  8.6760e+00  9.0355e+00  -1.3756e+01  -1.1618e+01  5.5331e-04  1.0414e+00  ;...
   3.7723e-04  8.6760e+00  9.0355e+00  -1.3756e+01  -1.1618e+01  5.6485e-04  1.0414e+00  ;...
   3.8510e-04  8.6760e+00  9.0355e+00  -1.3756e+01  -1.1618e+01  5.7666e-04  1.0414e+00  ;...
   3.9306e-04  8.6760e+00  9.0355e+00  -1.3756e+01  -1.1618e+01  5.8860e-04  1.0414e+00  ;...
   4.0112e-04  8.6760e+00  9.0355e+00  -1.3756e+01  -1.1618e+01  6.0064e-04  1.0414e+00  ;...
   4.0928e-04  8.6760e+00  9.0355e+00  -1.3756e+01  -1.1618e+01  6.1290e-04  1.0414e+00  ;...
   4.1755e-04  8.6760e+00  9.0355e+00  -1.3756e+01  -1.1618e+01  6.2522e-04  1.0414e+00  ;...
   4.2592e-04  8.6760e+00  9.0355e+00  -1.3756e+01  -1.1618e+01  6.3783e-04  1.0414e+00  ;...
   4.3439e-04  8.6760e+00  9.0355e+00  -1.3756e+01  -1.1618e+01  6.5047e-04  1.0414e+00  ;...
   4.4298e-04  8.6760e+00  9.0355e+00  -1.3756e+01  -1.1618e+01  6.6334e-04  1.0414e+00  ;...
   4.5167e-04  8.6760e+00  9.0355e+00  -1.3756e+01  -1.1618e+01  6.7633e-04  1.0414e+00  ;...
   4.6047e-04  8.6760e+00  9.0355e+00  -1.3756e+01  -1.1618e+01  6.8951e-04  1.0414e+00  ;...
